52431643189415036940670754980724407997 38732036864536520740718575415367701141
34510713355968279310047989661111930795 -59811547483611163773791050755632330042
-69967381041653496923226645061674530305 29210551894378457837199839228665559846
77343667386694320460393073338125562530 -68109311560755361274502206273357957530
55053987945311735209856899234485138107 -25685544450466755163253390081990349160
-29658417257961256279045416312035698743 -79009703065934964117381361323676867518
-59949902710925487428472587188178143439 -63157426861860038847525785084480584119
34624247516805497402536449988010823875 -72710426315466939061754662824772856034
-46473608334280839857766626334798558946 -74610368398562916398436130574004253753
-47505339641243362516732158461422848014 72911634404189216004249662367943150368
-56639500954539079247462589479901441721 45375145912738010543360150701822601131
25098203376263864936460835099022325177 21808056860256760823208648611456491519
-45534953406846915170246554311469551596 58525104330431095651455832117830328887
67494633346547030051234072991705388708 -69726707166432987028748013432252086743
-61937552014799192153116931307644568546 51023703627041165301635760298171953222
15016048102541457770646274568181257278 -84696154525257047171608408484280364253
-82055635317628591945701619902102503572 -72096657549329973333764248058235261497
1269470012372807711481142656553876867 10938995372872268936454633393733111212
-22210438377106799872888932420870141850 -67162911839044748759938553577117106096
39816346118821217993404917374249757082 -44265286323386480770661875737545361649
69468187165412740617762972262202145012 -26221463050630990029518430113546829466
10959807355118331765607092545659918118 26421266266006046011026788961571356882
50536506967802632421535506025144676284 -6738859993218050493501373549348806197
34838917616827843581994823961649335608 60824870876960371850406136796658291922
36280322008568112870248948543538765971 -83298835401912808097257187275843796917
-34104545625273845655783079302316893103 -57527405247141755347470255818099646634
-50921285166368114393837022696233654349 -81824559913219276177985014409716163814
42885448547449507607472764613961832642 -37470747314534474680045996265372227366
28328968412625040837167328316223270761 -56137149903097353388559811069327211320
4132216297891341940278109360270654788 -2428792784013313786850559921558767534
-30312524473821834829854787372879248723 -40879462386964718757548810361621635637
-69809906316299656053753719473763131175 27132212466650966263684384207832667152
-3689309056356678266809657952652647709 74263067444469157892908015536338140271
-50973554757180408746445932977608159749 56650255045284445988934892992673090201
72706067884678554895616234657446389893 69197202182948167214191010382551027173
3874587702627148968151381087914062458 68935947964067870378503691051352454299
-13314539034741031172039738945001530741 -53354025333515626303326907561405646005
-71607455759071083432160341579495289380 82091657709722183605365546984979750706
-55108768446757754099425246530650755690 -3876106854035539158239105306017624709
-11284947297115626291031137099886965033 -49691153253476933971041537706623969810
-50651179316492599180332113457236182831 -32786641843536396069489159702354450630
964627178916800015136017968143331791 30526838901239765257357550145595612127
-69438209995654576705811158450314124352 22477270940440291632146261647892201106
-46891775115391045453128419210877929531 -79749170589856114276053306124294306583
14073643720722699485049805770890610243 38088721608021844536585811029761227801
