1 -42958223236937119352378541558661978265 -59779835853806548397444191033006020352
1 -27050808930491207808711860964017787629 -14488501828137002703188639036597355847
1 -37963578706945517905474861239495938716 -35816222613695069547378862317905208294
1 58927187243749798269145292032880785169 -2120315656855174650507895911004969574
1 -64069283013710723641504177378895800292 81755975437583913930111117172734785587
1 1982400664322989772363635444190903198 -10367911665415708925379666562358015310
1 44310298393884947611706188827340200588 54416345694187550044984710961635923644
1 -53674975165346203984103510293488025671 -38498424225046420918134622407648537078
1 -59272524480174077509492565830234886410 -14267729916686201141521126064528860790
1 -15896813148190035636060954635389396761 -4499939200202683774104989549328583009
1 67986346342544758477834408065538264103 -31461277151802047554913662762117055421
1 -1737504940236460636030570348783914675 -23173258173806799640269644863557620968
1 -31956575905528573068146383550387009280 73795250600328510006109397095845179649
1 -37127041780630510103239453144789368410 -26453565613985398809932670874046621255
1 3472842916614147016437973395080440070 -66903394209178184955411263990298860918
1 -37420652023992564008648284114574354455 -47264348445973240706967291241010928731
1 41119174355603743417817932206026622849 -17427971184997791998406251688365636113
1 -12613102733681638832322482026613335471 -5943068433480506452244059114333859339
1 -81722421698272762501824407729443300482 -43065782237797142577014924038423432680
1 -13732875121408187183186374657098758843 22733432877375632246676433650057795107
1 -80149476507932735269679443786270901533 -9007738492635714283062027029511715159
1 5421908040878339697550578001331211474 78291975350516233490812328411084937052
1 -75895497229619956706580926408418523020 12104801955464909202345817619038062575
1 -45612144659706263547673126227196504355 -33905553036306060275398321588217652521
1 -20198465440929708699727664627415875347 -43898301824527334740052254570907444126
1 62352175353322036500022506921609921800 -12967167703873700698444936281852217526
1 65882202044973364199755743659822096275 -59671112286938871488266625973122119849
1 -38408265078364131904271111558446298817 -83039431106657415765594624319093925349
1 -71887971162587016032227069682847505352 22295855320362491428961709630702748327
1 68859041621414503814864720889043053067 41011843075195270775029031488067866049
1 57010815649384537693871868050276787208 74276182654547401358017495187277565703
1 -84948665891049260788107295309757929884 4197547366914760659753106865435821891
1 36534713039730971479050406834015959011 -41405395573133904353314803621067183226
1 80807280308007351636683648742826836212 -50855091019783398493539764421454082151
1 57089261143512558500805037313463196346 -83434669117789326978209206272567353644
1 -74142197654858703566528388267540607387 61778706880660499744736397091765960474
1 -25188962539210609431969255788422529409 -26418109348542284119348115656598525797
1 80117211581250415633930990344785527163 11247978115407035590059719741196423250
1 -14335987088423791659663456839528262751 8023321730265838567693729060869152219
1 19274714856025105765212614173435852554 38034679880244674677496207057134942167
1 -50651823753453698700421788348477633748 1844696423963292666881242462325847343
1 52998685358238404424150968447760643091 -19869636194464330795340295864713993778
1 26040775960708083001080254365574054486 35548721292145001056565396464027413867
1 41393817493983887663673597409874826012 27474094784991756031210626526907551702
1 73833344587684562017932995878040282536 -83549151425586806438424147955918030196
