-30340171559460308506227621076668803148 -82564739040556209865463075666990508929
73983712662945577704751706970662001927 -59039637972795246624210800297228081162
-35162577469083085804490632317169333023 -46531060368553941933402895088669015755
-10783301650809664804600434729073170450 -74151838221291200265635683710383386433
73122702915494235552371372420747404466 -83663650163047232711150303453304948395
-27725904451678364924214790425823842608 -52130790550831247041532414348803244592
-71658130903398586519044740184865908821 13671710778962504508285348674233559981
71336546854536674302722505930405355694 19737546302909470292837127453784922786
72922079464809238055042043110297447663 -19761333227633658630315879853476890212
78287260526241718973887828689197120451 6137894000738204279781240819312657605
79577070848192848205227263318388684978 78947160272673602927552238853926941813
-5474859885677898756076146474095033431 57454792378782058139195795151156716033
-33079504566795827068879082682891651713 -49280125885976610926028902045191120316
15266140760880648700588322306083025273 -77566639106872266336979157884268805142
-42997128359148363871902747444995914561 -21365247413373092442828963080569237550
-59716058972471367727846526292319422416 -21643884960081322002017344632694511537
24178957884324540108715130654877886356 36240170649608110354959912565746244045
-65688255426371386104863999197046797789 19729700972558816230458174679075710837
-43266265364283371265585215312588966776 -33109414910233131541573592825602775327
48300239170510707674209287833643808897 -33839720153147112010811922574545948871
-28708304561424335823749529398926275622 -60100040075467749012478322893498357059
-50716940204763888560722862039651842468 -49579563375067724875939026087237200233
29628939307236880449144613828696712796 29512004731275130398379852780384991173
-20970140234444279691370233768450427953 -1836242759885784881176144472219397181
40204416770701410808532309692750305039 69264665465478638240587009552919834343
70495217166909238700599543521811277930 16436205086421287241788548464462417396
-11324719169709998204432728115016964506 -82779622203629820871153662354272267289
46271104711932403192373664789724133540 4680397882700390654615154274246307083
-10799946784856034006423889057233408457 -46503148837600858388561078903321744881
24270775965210544931217114619982209259 -11682290513072758153102766639607423685
-11369175843592492537377248587754325879 69630899328211205384224007050480763015
-21575678590683016877153535225383118066 -4353747560733814265671793566473678483
-9115534559126138548463886562809173950 -40417499729542011709786639289072750480
-78559754821147223037358653806761457390 -79156679290668804410921865082926748527
36151281451014131877267458120605811554 25509886349768173335861386231451365569
72143860806044526899160900946754207512 -74518223064801872812450668834371444055
14379789799406162796059242882767795338 -66279886485815145705740525051162387455
52243697451828391511104561007826751263 -14412026551849853059906926116836761214
20006563116880160155660764773098513746 -62056955489761420742261272327906020172
65558101779372497499066855018710784341 16666806419601402612398667771340742472
-52527101764446840767248910126897978821 4727583615601065932659436514604869363
14594229603052222623559828755035826124 -40370546370966899805657402127502891800
1553740199212589929773857276823774795 -45488738762078489291009497002752556194
-82825288276316664853608546102510510266 -25574167297560864085795051890945809407
-68826130914584050335639847574994668626 -4303710790727755421494447821517063263
